name: D:\Projects\csvfinder\env
channels:
  - conda-forge
  - defaults
dependencies:
  - blas=1.0=mkl
  - bottleneck=1.3.7=py312he558020_0
  - bzip2=1.0.8=h2bbff1b_6
  - ca-certificates=2024.7.2=haa95532_0
  - expat=2.6.2=hd77b12b_0
  - future=0.18.3=py312haa95532_0
  - importlib-metadata=7.0.1=py312haa95532_0
  - importlib_metadata=7.0.1=hd3eb1b0_0
  - intel-openmp=2023.1.0=h59b6b97_46320
  - libexpat=2.6.2=h63175ca_0
  - libffi=3.4.4=hd77b12b_1
  - libsqlite=3.46.0=h2466b09_0
  - libzlib=1.3.1=h2466b09_1
  - mkl=2023.1.0=h6b88ed4_46358
  - mkl-service=2.4.0=py312h2bbff1b_1
  - mkl_fft=1.3.8=py312h2bbff1b_0
  - mkl_random=1.2.4=py312h59b6b97_0
  - numexpr=2.8.7=py312h96b7d27_0
  - numpy=1.26.4=py312hfd52020_0
  - numpy-base=1.26.4=py312h4dde369_0
  - openssl=3.3.1=h2466b09_1
  - packaging=24.1=py312haa95532_0
  - pandas=2.2.2=py312h0158946_0
  - pefile=2023.2.7=py312haa95532_0
  - pip=24.0=py312haa95532_0
  - pyinstaller=6.9.0=py312h42d2eef_0
  - pyinstaller-hooks-contrib=2024.7=py312haa95532_0
  - python=3.12.4=h889d299_0_cpython
  - python-dateutil=2.9.0post0=py312haa95532_2
  - python-tzdata=2023.3=pyhd3eb1b0_0
  - python_abi=3.12=4_cp312
  - pytz=2024.1=py312haa95532_0
  - pywin32=305=py312h2bbff1b_0
  - pywin32-ctypes=0.2.2=py312haa95532_0
  - setuptools=69.5.1=py312haa95532_0
  - six=1.16.0=pyhd3eb1b0_1
  - sqlite=3.45.3=h2bbff1b_0
  - tbb=2021.8.0=h59b6b97_0
  - tk=8.6.13=h5226925_1
  - tzdata=2024a=h04d1e81_0
  - ucrt=10.0.20348.0=haa95532_0
  - vc=14.2=h2eaa2aa_4
  - vc14_runtime=14.40.33810=ha82c5b3_20
  - vs2015_runtime=14.40.33810=h3bf8584_20
  - wheel=0.43.0=py312haa95532_0
  - xz=5.4.6=h8cc25b3_1
  - zipp=3.17.0=py312haa95532_0
  - zlib=1.3.1=h2466b09_1
  - pip:
      - altgraph==0.17.4
prefix: D:\Projects\csvfinder\env
